1;

ghdts = [2.0031103E7, 2.0031104E7, 2.0031105E7, 2.0031106E7, 2.0031107E7, 2.0031108E7, 2.0031109E7, 2.003111E7, 2.0031111E7, 2.0031112E7, 2.0031113E7, 2.0031114E7, 2.0031115E7, 2.0031116E7, 2.0031117E7, 2.0031118E7, 2.0031119E7, 2.003112E7, 2.0031121E7, 2.0031122E7, 2.0031124E7, 2.0031125E7, 2.0031126E7, 2.0031127E7, 2.0031128E7, 2.0031129E7, 2.003113E7, 2.0031201E7, 2.0031202E7, 2.0031203E7, 2.0031204E7, 2.0031205E7, 2.0031206E7, 2.0031207E7, 2.0031208E7, 2.0031209E7, 2.003121E7, 2.0031211E7, 2.0031212E7, 2.0031213E7, 2.0031214E7, 2.0031215E7, 2.0031216E7, 2.0031217E7, 2.0031218E7, 2.0031219E7, 2.003122E7, 2.0031221E7, 2.0031222E7, 2.0031223E7, 2.0031224E7, 2.0031225E7, 2.0031226E7, 2.0031227E7, 2.0031228E7, 2.0031229E7, 2.003123E7, 2.0031231E7, 2.0040101E7, 2.0040102E7, 2.0040103E7, 2.0040104E7, 2.0040105E7, 2.0040106E7, 2.0040107E7, 2.0040108E7, 2.0040109E7, 2.004011E7, 2.0040111E7, 2.0040112E7, 2.0040113E7, 2.0040114E7, 2.0040115E7, 2.0040116E7, 2.0040117E7, 2.0040118E7, 2.0040119E7, 2.004012E7, 2.0040121E7, 2.0040122E7, 2.0040123E7, 2.0040124E7, 2.0040125E7, 2.0040126E7, 2.0040127E7, 2.0040128E7, 2.0040129E7, 2.004013E7, 2.0040131E7, 2.0040201E7, 2.0040202E7, 2.0040203E7, 2.0040204E7, 2.0040205E7, 2.0040206E7, 2.0040207E7, 2.0040208E7, 2.0040209E7, 2.004021E7, 2.0040211E7, 2.0040212E7, 2.0040213E7, 2.0040214E7, 2.0040215E7, 2.0040216E7, 2.0040217E7, 2.0040218E7, 2.0040219E7, 2.004022E7, 2.0040221E7, 2.0040222E7, 2.0040223E7, 2.0040224E7, 2.0040225E7, 2.0040226E7, 2.0040227E7, 2.0040228E7, 2.0040229E7, 2.0040301E7, 2.0040302E7, 2.0040303E7, 2.0040304E7, 2.0040305E7, 2.0040306E7, 2.0040307E7, 2.0040308E7, 2.0040309E7, 2.004031E7, 2.0040311E7, 2.0040312E7, 2.0040313E7, 2.0040314E7, 2.0040315E7, 2.0040316E7, 2.0040317E7, 2.0040318E7, 2.0040319E7, 2.004032E7, 2.0040321E7, 2.0040322E7, 2.0040323E7, 2.0040324E7, 2.0040325E7, 2.0040326E7, 2.0040327E7, 2.0040328E7, 2.0040329E7, 2.004033E7, 2.0040331E7, 2.0040401E7, 2.0040402E7, 2.0040403E7, 2.0040404E7, 2.0040405E7, 2.0040406E7, 2.0040407E7, 2.0040408E7, 2.0040409E7, 2.004041E7, 2.0040411E7, 2.0040412E7, 2.0040413E7, 2.0040414E7, 2.0040415E7, 2.0040416E7, 2.0040417E7, 2.0040418E7, 2.0040419E7, 2.004042E7, 2.0040421E7, 2.0040422E7, 2.0040423E7, 2.0040424E7, 2.0040425E7, 2.0040426E7, 2.0040427E7, 2.0040428E7, 2.0040429E7, 2.004043E7, 2.0040501E7, 2.0040502E7, 2.0040503E7, 2.0040504E7, 2.0040505E7, 2.0040506E7, 2.0040507E7, 2.0040508E7, 2.0040509E7, 2.004051E7, 2.0040511E7, 2.0040512E7, 2.0040513E7, 2.0040514E7, 2.0040515E7, 2.0040516E7, 2.0040517E7, 2.0040518E7, 2.0040519E7, 2.004052E7, 2.0040521E7, 2.0040522E7, 2.0040523E7, 2.0040524E7, 2.0040525E7, 2.0040526E7, 2.0040527E7, 2.0040528E7, 2.0040529E7, 2.004053E7, 2.0040531E7, 2.0040601E7, 2.0040602E7, 2.0040603E7, 2.0040604E7, 2.0040605E7, 2.0040606E7, 2.0040607E7, 2.0040608E7, 2.0040609E7, 2.004061E7, 2.0040611E7, 2.0040612E7, 2.0040613E7, 2.0040614E7, 2.0040615E7, 2.0040616E7, 2.0040617E7, 2.0040618E7, 2.0040619E7, 2.004062E7, 2.0040621E7, 2.0040622E7, 2.0040623E7, 2.0040624E7, 2.0040625E7, 2.0040626E7, 2.0040627E7, 2.0040628E7, 2.0040629E7, 2.004063E7, 2.0040701E7, 2.0040702E7, 2.0040703E7, 2.0040704E7, 2.0040705E7, 2.0040706E7, 2.0040707E7, 2.0040708E7, 2.0040709E7, 2.004071E7, 2.0040711E7, 2.0040712E7, 2.0040713E7, 2.0040714E7, 2.0040715E7, 2.0040716E7, 2.0040717E7, 2.0040718E7, 2.0040719E7, 2.004072E7, 2.0040721E7, 2.0040722E7, 2.0040723E7, 2.0040724E7, 2.0040725E7, 2.0040726E7, 2.0040727E7, 2.0040728E7, 2.0040729E7, 2.004073E7, 2.0040731E7, 2.0040801E7, 2.0040802E7, 2.0040803E7, 2.0040804E7, 2.0040805E7, 2.0040806E7, 2.0040807E7, 2.0040808E7, 2.0040809E7, 2.004081E7, 2.0040811E7, 2.0040812E7, 2.0040813E7, 2.0040814E7, 2.0040815E7, 2.0040816E7, 2.0040817E7, 2.0040818E7, 2.0040819E7, 2.004082E7, 2.0040821E7, 2.0040822E7, 2.0040823E7, 2.0040824E7, 2.0040825E7, 2.0040826E7, 2.0040827E7, 2.0040828E7, 2.0040829E7, 2.004083E7, 2.0040831E7, 2.0040901E7, 2.0040902E7, 2.0040903E7, 2.0040904E7, 2.0040905E7, 2.0040906E7, 2.0040907E7, 2.0040908E7, 2.0040909E7, 2.004091E7, 2.0040911E7, 2.0040912E7, 2.0040913E7, 2.0040914E7, 2.0040915E7, 2.0040916E7, 2.0040917E7, 2.0040918E7, 2.0040919E7, 2.004092E7, 2.0040921E7, 2.0040922E7, 2.0040923E7, 2.0040924E7, 2.0040925E7, 2.0040926E7, 2.0040927E7, 2.0040928E7, 2.0040929E7, 2.004093E7, 2.0041001E7, 2.0041002E7, 2.0041003E7, 2.0041004E7, 2.0041005E7, 2.0041006E7, 2.0041007E7, 2.0041008E7, 2.0041009E7, 2.004101E7, 2.0041011E7, 2.0041012E7, 2.0041013E7, 2.0041014E7, 2.0041015E7, 2.0041016E7, 2.0041017E7, 2.0041018E7, 2.0041019E7, 2.004102E7, 2.0041021E7, 2.0041022E7, 2.0041023E7, 2.0041024E7, 2.0041025E7, 2.0041026E7, 2.0041027E7, 2.0041028E7, 2.0041029E7, 2.004103E7, 2.0041031E7, 2.0041101E7, 2.0041102E7, 2.0041103E7, 2.0041104E7, 2.0041105E7, 2.0041106E7, 2.0041107E7, 2.0041108E7, 2.0041109E7, 2.004111E7, 2.0041111E7, 2.0041112E7, 2.0041113E7, 2.0041114E7, 2.0041115E7, 2.0041116E7, 2.0041117E7, 2.0041118E7, 2.0041119E7, 2.004112E7, 2.0041121E7, 2.0041122E7, 2.0041123E7, 2.0041124E7, 2.0041125E7, 2.0041126E7, 2.0041127E7, 2.0041128E7, 2.0041129E7, 2.004113E7, 2.0041201E7, 2.0041202E7, 2.0041203E7, 2.0041204E7, 2.0041205E7, 2.0041206E7, 2.0041207E7, 2.0041208E7, 2.0041209E7, 2.004121E7, 2.0041211E7, 2.0041212E7, 2.0041213E7, 2.0041214E7, 2.0041215E7, 2.0041216E7, 2.0041217E7, 2.0041218E7, 2.0041219E7, 2.004122E7, 2.0041221E7, 2.0041222E7, 2.0041223E7, 2.0041224E7, 2.0041225E7, 2.0041226E7, 2.0041227E7, 2.0041228E7, 2.0041229E7, 2.004123E7, 2.0041231E7, 2.0050102E7, 2.0050103E7, 2.0050104E7, 2.0050114E7, 2.0050115E7, 2.0050116E7, 2.0050117E7, 2.0050118E7, 2.0050119E7, 2.005012E7, 2.0050121E7, 2.0050122E7, 2.0050123E7, 2.0050124E7, 2.0050125E7, 2.0050126E7, 2.0050127E7, 2.0050128E7, 2.0050129E7, 2.005013E7, 2.0050131E7, 2.0050201E7, 2.0050202E7, 2.0050203E7, 2.0050204E7, 2.0050205E7, 2.0050206E7, 2.0050207E7, 2.0050208E7, 2.0050209E7, 2.005021E7, 2.0050211E7, 2.0050212E7, 2.0050213E7, 2.0050214E7, 2.0050215E7, 2.0050216E7, 2.0050217E7, 2.0050218E7, 2.0050219E7, 2.005022E7, 2.0050221E7, 2.0050222E7, 2.0050223E7, 2.0050224E7, 2.0050225E7, 2.0050226E7, 2.0050227E7, 2.0050228E7, 2.0050301E7, 2.0050302E7, 2.0050303E7, 2.0050304E7, 2.0050305E7, 2.0050306E7, 2.0050307E7, 2.0050308E7, 2.0050309E7, 2.005031E7, 2.0050311E7, 2.0050312E7, 2.0050313E7, 2.0050314E7, 2.0050315E7, 2.0050316E7, 2.0050317E7, 2.0050318E7, 2.0050319E7, 2.005032E7, 2.0050321E7, 2.0050322E7, 2.0050323E7, 2.0050324E7, 2.0050325E7, 2.0050326E7, 2.0050327E7, 2.0050328E7, 2.0050329E7, 2.005033E7, 2.0050331E7, 2.0050401E7, 2.0050402E7, 2.0050403E7, 2.0050404E7, 2.0050405E7, 2.0050406E7, 2.0050407E7, 2.0050408E7, 2.0050409E7, 2.005041E7, 2.0050411E7, 2.0050412E7, 2.0050413E7, 2.0050414E7, 2.0050415E7, 2.0050416E7, 2.0050417E7, 2.0050418E7, 2.0050419E7, 2.005042E7, 2.0050421E7, 2.0050422E7, 2.0050423E7, 2.0050424E7, 2.0050425E7, 2.0050426E7, 2.0050427E7, 2.0050428E7, 2.0050429E7, 2.005043E7, 2.0050501E7, 2.0050502E7, 2.0050503E7, 2.0050504E7, 2.0050505E7, 2.0050506E7, 2.0050507E7, 2.0050508E7, 2.0050509E7, 2.005051E7, 2.0050511E7, 2.0050512E7, 2.0050513E7, 2.0050514E7, 2.0050515E7, 2.0050516E7, 2.0050517E7, 2.0050518E7, 2.0050519E7, 2.005052E7, 2.0050521E7, 2.0050522E7, 2.0050523E7, 2.0050524E7, 2.0050525E7, 2.0050526E7, 2.0050527E7, 2.0050528E7, 2.0050529E7, 2.005053E7, 2.0050531E7, 2.0050601E7, 2.0050602E7, 2.0050603E7, 2.0050604E7, 2.0050605E7, 2.0050606E7, 2.0050607E7, 2.0050608E7, 2.0050609E7, 2.005061E7, 2.0050611E7, 2.0050612E7, 2.0050613E7, 2.0050614E7, 2.0050615E7, 2.0050616E7, 2.0050617E7, 2.0050618E7, 2.0050619E7, 2.005062E7, 2.0050621E7, 2.0050622E7, 2.0050623E7, 2.0050624E7, 2.0050625E7, 2.0050626E7, 2.0050627E7, 2.0050628E7, 2.0050629E7, 2.005063E7, 2.0050701E7, 2.0050702E7, 2.0050703E7, 2.0050704E7, 2.0050705E7, 2.0050706E7, 2.0050707E7, 2.0050708E7, 2.0050709E7, 2.005071E7, 2.0050711E7, 2.0050712E7, 2.0050713E7, 2.0050714E7, 2.0050715E7, 2.0050716E7, 2.0050717E7, 2.0050718E7, 2.0050719E7, 2.005072E7, 2.0050721E7, 2.0050722E7, 2.0050723E7, 