1;

FKEYS_DEPTHS = [0.0, 5.0, 10.0, 30.0, 50.0, 75.0, 100.0];

FKEYS_LATS = [ 22.775372, 22.784592, 22.79381, 22.80303, 22.812248, 22.821465, 22.83068, 22.839897, 22.849113, 22.858328, 22.867542, 22.876757, 22.88597, 22.895182, 22.904394, 22.913605, 22.922815, 22.932026, 22.941235, 22.950443, 22.959652, 22.96886, 22.978067, 22.987272, 22.996479, 23.005684, 23.014887, 23.024092, 23.033295, 23.042498, 23.051699, 23.0609, 23.0701, 23.0793, 23.0885, 23.097698, 23.106897, 23.116095, 23.12529, 23.134487, 23.143682, 23.152878, 23.162071, 23.171265, 23.180458, 23.189651, 23.198843, 23.208035, 23.217224, 23.226414, 23.235603, 23.244791, 23.25398, 23.263166, 23.272354, 23.28154, 23.290726, 23.29991, 23.309093, 23.318277, 23.327461, 23.336643, 23.345825, 23.355005, 23.364185, 23.373365, 23.382544, 23.391724, 23.4009, 23.410078, 23.419254, 23.42843, 23.437605, 23.446781, 23.455954, 23.465128, 23.4743, 23.483473, 23.492643, 23.501814, 23.510984, 23.520155, 23.529324, 23.538492, 23.547659, 23.556826, 23.565992, 23.575157, 23.584324, 23.593487, 23.602652, 23.611814, 23.620977, 23.630138, 23.6393, 23.64846, 23.65762, 23.666779, 23.675938, 23.685097, 23.694254, 23.703411, 23.712566, 23.721722, 23.730877, 23.74003, 23.749184, 23.758337, 23.767488, 23.77664, 23.785791, 23.79494, 23.804092, 23.81324, 23.82239, 23.831537, 23.840683, 23.84983, 23.858976, 23.86812, 23.877266, 23.88641, 23.895552, 23.904696, 23.913837, 23.922977, 23.93212, 23.94126, 23.950397, 23.959536, 23.968674, 23.977812, 23.986948, 23.996084, 24.00522, 24.014355, 24.023489, 24.032623, 24.041756, 24.050888, 24.060019, 24.069149, 24.07828, 24.08741, 24.096539, 24.105667, 24.114794, 24.12392, 24.133047, 24.142174, 24.151299, 24.160423, 24.169546, 24.178669, 24.187792, 24.196913, 24.206034, 24.215155, 24.224276, 24.233395, 24.242512, 24.25163, 24.260748, 24.269863, 24.27898, 24.288095, 24.297209, 24.306324, 24.315437, 24.324549, 24.333662, 24.342773, 24.351883, 24.360992, 24.370102, 24.379211, 24.388319, 24.397427, 24.406532, 24.41564, 24.424746, 24.43385, 24.442953, 24.452057, 24.461159, 24.470263, 24.479362, 24.488464, 24.497564, 24.506664, 24.515762, 24.52486, 24.533958, 24.543055, 24.55215, 24.561247, 24.570341, 24.579435, 24.58853, 24.597622, 24.606714, 24.615805, 24.624897, 24.633987, 24.643076, 24.652164, 24.661253, 24.670341, 24.679428, 24.688515, 24.6976, 24.706684, 24.715769, 24.724852, 24.733936, 24.743017, 24.7521, 24.76118, 24.77026, 24.77934, 24.78842, 24.797497, 24.806576, 24.815653, 24.824728, 24.833803, 24.842878, 24.851954, 24.861027, 24.8701, 24.879171, 24.888245, 24.897314, 24.906385, 24.915455, 24.924524, 24.933592, 24.94266, 24.951727, 24.960793, 24.969858, 24.978924, 24.987988, 24.997051, 25.006115, 25.015177, 25.024239, 25.033298, 25.04236, 25.051418, 25.060478, 25.069536, 25.078594, 25.08765, 25.096706, 25.105762, 25.114817, 25.123873, 25.132925, 25.14198, 25.151031, 25.160082, 25.169132, 25.178183, 25.187233, 25.196281, 25.20533, 25.214378, 25.223425, 25.232471, 25.241516, 25.25056, 25.259605, 25.268648, 25.27769, 25.286734, 25.295774, 25.304815, 25.313856, 25.322895, 25.331934, 25.340973, 25.35001, 25.359047, 25.368082, 25.377117, 25.386152, 25.395187, 25.40422, 25.413252, 25.422285, 25.431316, 25.440348, 25.449377, 25.458406, 25.467434, 25.476463, 25.48549, 25.494516, 25.503542, 25.512568, 25.521593, 25.530617, 25.53964, 25.548662, 25.557684, 25.566706, 25.575726, 25.584745, 25.593765, 25.602783, 25.611801, 25.620817, 25.629835, 25.63885, 25.647865, 25.65688, 25.665894, 25.674906, 25.683918, 25.69293, 25.70194, 25.71095, 25.719961, 25.72897, 25.737978, 25.746986, 25.755993, 25.765, 25.774004, 25.783009, 25.792013, 25.801016, 25.810019, 25.819021, 25.828022, 25.837023, 25.846024, 25.855022, 25.864021, 25.87302, 25.882017, 25.891014, 25.90001, 25.909004, 25.918, 25.926992, 25.935986, 25.944979, 25.95397, 25.962961, 25.971952, 25.980942, 25.989931, 25.998919, 26.007906, 26.016893, 26.02588, 26.034866, 26.04385, 26.052835 ];

FKEYS_LONS = [ -83.359985, -83.349976, -83.339966, -83.33002, -83.32001, -83.31, -83.29999, -83.28998, -83.28003, -83.27002, -83.26001, -83.25, -83.23999, -83.22998, -83.21997, -83.21002, -83.20001, -83.19, -83.17999, -83.16998, -83.160034, -83.150024, -83.140015, -83.130005, -83.119995, -83.109985, -83.099976, -83.089966, -83.08002, -83.07001, -83.06, -83.04999, -83.03998, -83.03003, -83.02002, -83.01001, -83.0, -82.98999, -82.97998, -82.96997, -82.96002, -82.95001, -82.94, -82.92999, -82.91998, -82.910034, -82.900024, -82.890015, -82.880005, -82.869995, -82.859985, -82.849976, -82.839966, -82.83002, -82.82001, -82.81, -82.79999, -82.78998, -82.78003, -82.77002, -82.76001, -82.75, -82.73999, -82.72998, -82.71997, -82.71002, -82.70001, -82.69, -82.67999, -82.66998, -82.660034, -82.650024, -82.640015, -82.630005, -82.619995, -82.609985, -82.599976, -82.589966, -82.58002, -82.57001, -82.56, -82.54999, -82.53998, -82.53003, -82.52002, -82.51001, -82.5, -82.48999, -82.47998, -82.46997, -82.46002, -82.45001, -82.44, -82.42999, -82.41998, -82.410034, -82.400024, -82.390015, -82.380005, -82.369995, -82.359985, -82.349976, -82.339966, -82.33002, -82.32001, -82.31, -82.29999, -82.28998, -82.28003, -82.27002, -82.26001, -82.25, -82.23999, -82.22998, -82.21997, -82.21002, -82.20001, -82.19, -82.17999, -82.16998, -82.160034, -82.150024, -82.140015, -82.130005, -82.119995, -82.109985, -82.099976, -82.089966, -82.08002, -82.07001, -82.06, -82.04999, -82.03998, -82.03003, -82.02002, -82.01001, -82.0, -81.98999, -81.97998, -81.96997, -81.96002, -81.95001, -81.94, -81.92999, -81.91998, -81.910034, -81.900024, -81.890015, -81.880005, -81.869995, -81.859985, -81.849976, -81.839966, -81.83002, -81.82001, -81.81, -81.79999, -81.78998, -81.78003, -81.77002, -81.76001, -81.75, -81.73999, -81.72998, -81.71997, -81.71002, -81.70001, -81.69, -81.67999, -81.66998, -81.660034, -81.650024, -81.640015, -81.630005, -81.619995, -81.609985, -81.599976, -81.589966, -81.58002, -81.57001, -81.56, -81.54999, -81.53998, -81.53003, -81.52002, -81.51001, -81.5, -81.48999, -81.47998, -81.46997, -81.46002, -81.45001, -81.44, -81.42999, -81.41998, -81.410034, -81.400024, -81.390015, -81.380005, -81.369995, -81.359985, -81.349976, -81.339966, -81.33002, -81.32001, -81.31, -81.29999, -81.28998, -81.28003, -81.27002, -81.26001, -81.25, -81.23999, -81.22998, -81.21997, -81.21002, -81.20001, -81.19, -81.17999, -81.16998, -81.160034, -81.150024, -81.140015, -81.130005, -81.119995, -81.109985, -81.099976, -81.089966, -81.08002, -81.07001, -81.06, -81.04999, -81.03998, -81.03003, -81.02002, -81.01001, -81.0, -80.98999, -80.97998, -80.96997, -80.96002, -80.95001, -80.94, -80.92999, -80.91998, -80.910034, -80.900024, -80.890015, -80.880005, -80.869995, -80.859985, -80.849976, -80.839966, -80.83002, -80.82001, -80.81, -80.79999, -80.78998, -80.78003, -80.77002, -80.76001, -80.75, -80.73999, -80.72998, -80.71997, -80.71002, -80.70001, -80.69, -80.67999, -80.66998, -80.660034, -80.650024, -80.640015, -80.630005, -80.619995, -80.609985, -80.599976, -80.589966, -80.58002, -80.57001, -80.56, -80.54999, -80.53998, -80.53003, -80.52002, -80.51001, -80.5, -80.48999, -80.47998, -80.46997, -80.46002, -80.45001, -80.44, -80.42999, -80.41998, -80.410034, -80.400024, -80.390015, -80.380005, -80.369995, -80.359985, -80.349976, -80.339966, -80.33002, -80.32001, -80.31, -80.29999, -80.28998, -80.28003, -80.27002, -80.26001, -80.25, -80.23999, -80.22998, -80.21997, -80.21002, -80.20001, -80.19, -80.17999, -80.16998, -80.160034, -80.150024, -80.140015, -80.130005, -80.119995, -80.109985, -80.099976, -80.089966, -80.08002, -80.07001, -80.06, -80.04999, -80.03998, -80.03003, -80.02002, -80.01001, -80.0, -79.98999, -79.97998, -79.96997, -79.96002, -79.95001, -79.94, -79.92999, -79.91998, -79.910034, -79.900024, -79.890015, -79.880005, -79.869995, -79.859985, -79.849976, -79.839966, -79.83002, -79.82001, -79.81, -79.79999, -79.78998, -79.78003, -79.77002, -79.76001, -79.75, -79.73999, -79.72998, -79.71997, -79.71002, -79.70001,