1;


% x = [ 278.95996, 279.04004, 279.12, 279.19995, 279.28003, 279.36, 279.43994, 279.52002, 279.59998, 279.67993, 279.76, 279.83997, 279.92004, 280.0, 280.07996, 280.16003, 280.24, 280.32007, 280.40002, 280.47998, 280.56006 ];

glb_analysis_lats=[...
-78.64, ...
-78.608, ...
-78.576, ...
-78.544, ...
-78.512, ...
-78.48, ...
-78.448, ...
-78.416, ...
-78.384, ...
-78.352, ...
-78.32, ...
-78.288, ...
-78.256, ...
-78.224, ...
-78.192, ...
-78.16, ...
-78.128, ...
-78.096, ...
-78.064, ...
-78.032, ...
-78.0, ...
-77.968, ...
-77.936, ...
-77.904, ...
-77.872, ...
-77.84, ...
-77.808, ...
-77.776, ...
-77.744, ...
-77.712, ...
-77.68, ...
-77.648, ...
-77.616, ...
-77.584, ...
-77.552, ...
-77.52, ...
-77.488, ...
-77.456, ...
-77.424, ...
-77.392, ...
-77.36, ...
-77.328, ...
-77.296, ...
-77.264, ...
-77.232, ...
-77.2, ...
-77.168, ...
-77.136, ...
-77.104, ...
-77.072, ...
-77.04, ...
-77.008, ...
-76.976, ...
-76.944, ...
-76.912, ...
-76.88, ...
-76.848, ...
-76.816, ...
-76.784, ...
-76.752, ...
-76.72, ...
-76.688, ...
-76.656, ...
-76.624, ...
-76.592, ...
-76.56, ...
-76.528, ...
-76.496, ...
-76.464, ...
-76.432, ...
-76.4, ...
-76.368, ...
-76.336, ...
-76.304, ...
-76.272, ...
-76.24, ...
-76.208, ...
-76.176, ...
-76.144, ...
-76.112, ...
-76.08, ...
-76.048, ...
-76.016, ...
-75.984, ...
-75.952, ...
-75.92, ...
-75.888, ...
-75.856, ...
-75.824, ...
-75.792, ...
-75.76, ...
-75.728, ...
-75.696, ...
-75.664, ...
-75.632, ...
-75.6, ...
-75.568, ...
-75.536, ...
-75.504, ...
-75.472, ...
-75.44, ...
-75.408, ...
-75.376, ...
-75.344, ...
-75.312, ...
-75.28, ...
-75.248, ...
-75.216, ...
-75.184, ...
-75.152, ...
-75.12, ...
-75.088, ...
-75.056, ...
-75.024, ...
-74.992, ...
-74.96, ...
-74.928, ...
-74.896, ...
-74.864, ...
-74.832, ...
-74.8, ...
-74.768, ...
-74.736, ...
-74.704, ...
-74.672, ...
-74.64, ...
-74.608, ...
-74.576, ...
-74.544, ...
-74.512, ...
-74.48, ...
-74.448, ...
-74.416, ...
-74.384, ...
-74.352, ...
-74.32, ...
-74.288, ...
-74.256, ...
-74.224, ...
-74.192, ...
-74.16, ...
-74.128, ...
-74.096, ...
-74.064, ...
-74.032, ...
-74.0, ...
-73.968, ...
-73.936, ...
-73.904, ...
-73.872, ...
-73.84, ...
-73.808, ...
-73.776, ...
-73.744, ...
-73.712, ...
-73.68, ...
-73.648, ...
-73.616, ...
-73.584, ...
-73.552, ...
-73.52, ...
-73.488, ...
-73.456, ...
-73.424, ...
-73.392, ...
-73.36, ...
-73.328, ...
-73.296, ...
-73.264, ...
-73.232, ...
-73.2, ...
-73.168, ...
-73.136, ...
-73.104, ...
-73.072, ...
-73.04, ...
-73.008, ...
-72.976, ...
-72.944, ...
-72.912, ...
-72.88, ...
-72.848, ...
-72.816, ...
-72.784, ...
-72.752, ...
-72.72, ...
-72.688, ...
-72.656, ...
-72.624, ...
-72.592, ...
-72.56, ...
-72.528, ...
-72.496, ...
-72.464, ...
-72.432, ...
-72.4, ...
-72.368, ...
-72.336, ...
-72.304, ...
-72.272, ...
-72.24, ...
-72.208, ...
-72.176, ...
-72.144, ...
-72.112, ...
-72.08, ...
-72.048, ...
-72.016, ...
-71.984, ...
-71.952, ...
-71.92, ...
-71.888, ...
-71.856, ...
-71.824, ...
-71.792, ...
-71.76, ...
-71.728, ...
-71.696, ...
-71.664, ...
-71.632, ...
-71.6, ...
-71.568, ...
-71.536, ...
-71.504, ...
-71.472, ...
-71.44, ...
-71.408, ...
-71.376, ...
-71.344, ...
-71.312, ...
-71.28, ...
-71.248, ...
-71.216, ...
-71.184, ...
-71.152, ...
-71.12, ...
-71.088, ...
-71.056, ...
-71.024, ...
-70.992, ...
-70.96, ...
-70.928, ...
-70.896, ...
-70.864, ...
-70.832, ...
-70.8, ...
-70.768, ...
-70.736, ...
-70.704, ...
-70.672, ...
-70.64, ...
-70.608, ...
-70.576, ...
-70.544, ...
-70.512, ...
-70.48, ...
-70.448, ...
-70.416, ...
-70.384, ...
-70.352, ...
-70.32, ...
-70.288, ...
-70.256, ...
-70.224, ...
-70.192, ...
-70.16, ...
-70.128, ...
-70.096, ...
-70.064, ...
-70.032, ...
-70.0, ...
-69.968, ...
-69.936, ...
-69.904, ...
-69.872, ...
-69.84, ...
-69.808, ...
-69.776, ...
-69.744, ...
-69.712, ...
-69.68, ...
-69.648, ...
-69.616, ...
-69.584, ...
-69.552, ...
-69.52, ...
-69.488, ...
-69.456, ...
-69.424, ...
-69.392, ...
-69.36, ...
-69.328, ...
-69.296, ...
-69.264, ...
-69.232, ...
-69.2, ...
-69.168, ...
-69.136, ...
-69.104, ...
-69.072, ...
-69.04, ...
-69.008, ...
-68.976, ...
-68.944, ...
-68.912, ...
-68.88, ...
-68.848, ...
-68.816, ...
-68.784, ...
-68.752, ...
-68.72, ...
-68.688, ...
-68.656, ...
-68.624, ...
-68.592, ...
-68.56, ...
-68.528, ...
-68.496, ...
-68.464, ...
-68.432, ...
-68.4, ...
-68.368, ...
-68.336, ...
-68.304, ...
-68.272, ...
-68.24, ...
-68.208, ...
-68.176, ...
-68.144, ...
-68.112, ...
-68.08, ...
-68.048, ...
-68.016, ...
-67.984, ...
-67.952, ...
-67.92, ...
-67.888, ...
-67.856, ...
-67.824, ...
-67.792, ...
-67.76, ...
-67.728, ...
-67.696, ...
-67.664, ...
-67.632, ...
-67.6, ...
-67.568, ...
-67.536, ...
-67.504, ...
-67.472, ...
-67.44, ...
-67.408, ...
-67.376, ...
-67.344, ...
-67.312, ...
-67.28, ...
-67.248, ...
-67.216, ...
-67.184, ...
-67.152, ...
-67.12, ...
-67.088, ...
-67.056, ...
-67.024, ...
-66.992, ...
-66.96, ...
-66.928, ...
-66.896, ...
-66.864, ...
-66.832, ...
-66.8, ...
-66.768, ...
-66.736, ...
-66.704, ...
-66.672, ...
-66.64, ...
-66.608, ...
-66.576, ...
-66.544, ...
-66.512, ...
-66.48, ...
-66.448, ...
-66.416, ...
-66.384, ...
-66.352, ...
-66.32, ...
-66.288, ...
-66.2559, ...
-66.2239, ...
-66.1919, ...
-66.1599, ...
-66.1277, ...
-66.0953, ...
-66.0629, ...
-66.0304, ...
-65.9979, ...
-65.9653, ...
-65.9327, ...
-65.9001, ...
-65.8674, ...
-65.8346, ...
-65.8019, ...
-65.7691, ...
-65.7362, ...
-65.7033, ...
-65.6704, ...
-65.6374, ...
-65.6044, ...
-65.5713, ...
-65.5382, ...
-65.5051, ...
-65.4719, ...
-65.4386, ...
-65.4054, ...
-65.372, ...
-65.3387, ...
-65.3053, ...
-65.2718, ...
-65.2384, ...
-65.2048, ...
-65.1713, ...
-65.1376, ...
-65.104, ...
-65.0703, ...
-65.0365, ...
-65.0028, ...
-64.9689, ...
-64.9351, ...
-64.9011, ...
-64.8672, ...
-64.8332, ...
-64.7991, ...
-64.7651, ...
-64.7309, ...
-64.6968, ...
-64.6626, ...
-64.6283, ...
-64.594, ...
-64.5597, ...
-64.5253, ...
-64.4908, ...
-64.4564, ...
-64.4218, ...
-64.3873, ...
-64.3527, ...
-64.318, ...
-64.2833, ...
-64.2486, ...
-64.2138, ...
-64.179, ...
-64.1441, ...
-64.1092, ...
-64.0743, ...
-64.0393, ...
-64.0042, ...
-63.9691, ...
-63.934, ...
-63.8988, ...
-63.8636, ...
-63.8284, ...
-63.793, ...
-63.7577, ...
-63.7223, ...
-63.6869, ...
-63.6514, ...
-63.6158, ...
-63.5803, ...
-63.5447, ...
-63.509, ...
-63.4733, ...
-63.4375, ...
-63.4017, ...
-63.3659, ...
-63.33, ...
-63.2941, ...
-63.2581, ...
-63.2221, ...
-63.186, ...
-63.1499, ...
-63.1138, ...
-63.0776, ...
-63.0413, ...
-63.005, ...
-62.9687, ...
-62.9323, ...
-62.8959, ...
-62.8594, ...
-62.8229, ...
-62.7863, ...
-62.7497, ...
-62.7131, ...
-62.6764, ...
-62.6396, ...
-62.6028, ...
-62.566, ...
-62.5291, ...
-62.4922, ...
-62.4552, ...
-62.4182, ...
-62.3811, ...
-62.344, ...
-62.3069, ...
-62.2697, ...
-62.2324, ...
-62.1951, ...
-62.1578, ...
-62.1204, ...
-62.083, ...
-62.0455, ...
-62.008, ...
-61.9704, ...
-61.9328, ...
-61.8951, ...
-61.8574, ...
-61.8196, ...
-61.7818, ...
-61.744, ...
-61.7061, ...
-61.6682, ...
-61.6302, ...
-61.5921, ...
-61.554, ...
-61.5159, ...
-61.4777, ...
-61.4395, ...
-61.4012, ...
-61.3629, ...
-61.3246, ...
-61.2862, ...
-61.2477, ...
-61.2092, ...
-61.1706, ...
-61.132, ...
-61.0934, ...
-61.0547, ...
-61.016, ...
-60.9772, ...
-60.9383, ...
-60.8994, ...
-60.8605, ...
-60.8215, ...
-60.7825, ...
-60.7434, ...
-60.7043, ...
-60.6651, ...
-60.6259, ...
-60.5867, ...
-60.5473, ...
-60.508, ...
